Rango                      Frecuencia1                           9.40821293244
2                           8.81919842272
3                           8.46924001109
4                           7.84818705524
5                           6.66276454823
6                           5.32207880226
7                           4.73614491236
8                           4.64126182188
9                           4.36154154216
10                           4.29438403007
11                           4.25310372447
12                           2.54027910416
13                           2.50762453406
14                           2.43492190629
15                           2.17306922153
16                           1.68509904193
17                           1.5051908444
18                           1.36348233265
19                           0.848402698623
20                           0.574843658544
La constante encontrada en Taavetti_Livingstone_h채nen_el채m채ns채_ja_toimensa_by_F_H_B_Lagus.txt es:-0.846690038901
